100
0 : 2 428 41 485 46 439 48 499 53 374 68 278 71 476 83 227 84 318 99 359 
1 : 0 27 15 40 21 79 36 60 42 70 50 83 51 51 73 74 79 42 81 41 87 48 
2 : 1 77 73 12 75 84 87 53 
3 : 28 45 53 79 83 39 93 69 94 80 
4 : 1 81 7 30 10 72 13 39 18 11 22 25 26 74 37 58 51 79 67 26 69 67 71 46 73 17 75 21 81 8 85 58 87 98 
5 : 10 40 17 62 21 25 33 68 40 11 60 8 66 8 71 13 72 25 75 14 82 41 84 46 88 52 99 401 
6 : 25 61 27 35 30 9 33 41 41 43 46 96 51 97 55 97 56 88 75 50 77 18 81 94 82 42 84 52 89 20 91 43 95 46 
7 : 12 21 20 68 60 21 74 57 76 34 81 55 84 78 
8 : 2 6 10 43 11 44 25 91 28 35 56 73 66 41 71 50 79 98 86 39 88 76 
9 : 3 47 16 9 46 65 53 71 79 86 
10 : 57 61 78 45 99 380 
11 : 4 78 24 51 59 73 74 8 94 32 
12 : 0 70 1 13 3 56 7 81 9 12 34 54 40 81 44 71 46 88 90 8 97 88 
13 : 6 43 41 66 46 19 52 42 53 29 60 74 65 99 73 39 82 48 89 95 
14 : 47 34 74 89 93 48 
15 : 11 12 12 49 16 37 18 49 21 10 23 48 40 28 44 100 46 77 48 92 56 33 83 11 88 45 
16 : 2 31 12 72 41 34 51 26 55 83 60 57 69 12 73 53 74 100 78 87 79 39 96 46 98 40 
17 : 22 21 33 68 
18 : 7 34 16 39 21 20 24 92 40 54 42 59 49 60 62 75 74 34 75 57 83 77 96 70 
19 : 3 14 12 23 16 86 32 86 34 31 41 75 50 88 54 8 56 96 64 41 65 19 72 87 77 65 91 13 94 71 96 99 
20 : 37 82 51 19 71 17 74 31 86 11 90 90 91 86 93 59 
21 : 9 20 27 34 47 42 54 73 60 56 64 88 74 31 85 98 
22 : 62 66 
23 : 62 67 64 89 85 57 96 44 
24 : 44 51 88 6 
25 : 2 79 31 24 48 96 52 58 82 30 
26 : 46 97 58 58 
27 : 16 99 23 75 64 21 95 29 
28 : 11 5 38 96 50 23 74 29 76 13 80 30 81 14 86 28 87 54 93 44 
29 : 5 92 10 45 17 33 20 33 24 14 49 25 59 93 60 35 61 23 62 60 66 99 68 52 82 52 94 35 
30 : 16 24 22 53 32 48 36 74 46 40 47 58 49 62 64 17 82 79 97 59 
31 : 22 93 73 16 
32 : 11 16 14 87 16 98 21 79 29 69 43 9 46 15 53 39 78 72 90 75 
33 : 10 52 25 69 31 13 49 8 52 35 96 80 
34 : 30 11 66 55 72 53 94 84 
35 : 22 28 39 72 41 23 55 98 62 10 77 9 82 14 97 34 
36 : 7 50 9 31 24 32 25 56 28 55 37 81 43 26 57 9 60 63 67 55 68 18 69 48 72 62 75 42 92 33 95 97 
37 : 11 79 20 36 24 8 27 96 33 19 50 23 52 18 53 19 56 14 64 62 92 32 
38 : 13 21 20 54 27 35 29 9 30 27 31 58 36 60 41 10 42 22 53 24 54 87 55 50 65 72 71 74 75 86 76 34 82 62 87 34 91 97 
39 : 2 95 12 39 25 32 26 76 33 33 36 41 41 78 52 77 53 25 54 73 57 89 59 44 63 51 78 65 81 90 88 29 98 48 
40 : 24 80 36 55 47 10 55 34 63 62 64 34 90 29 93 21 
41 : 3 51 15 7 34 56 68 33 98 79 
42 : 7 88 8 26 9 82 14 64 20 38 22 61 29 100 39 21 55 24 61 17 71 6 77 79 82 29 83 92 87 24 94 81 99 437 
43 : 2 26 3 7 10 56 18 6 31 63 38 89 40 71 41 25 72 34 89 72 
44 : 10 89 42 88 58 37 
45 : 2 32 71 100 83 35 84 12 90 85 97 50 98 20 
46 : 0 91 4 63 24 23 27 32 37 55 39 74 47 82 62 24 67 51 73 27 99 423 
47 : 7 93 8 72 9 19 24 95 25 29 28 94 31 41 34 73 38 66 41 67 43 78 49 13 56 73 61 18 68 44 77 18 78 31 90 58 
48 : 1 57 7 49 12 62 16 9 31 72 39 19 42 51 47 35 55 31 59 48 76 17 80 51 84 56 86 6 
49 : 3 50 33 23 56 83 62 95 85 59 99 418 
50 : 18 12 47 70 52 98 74 84 76 85 95 94 
51 : 20 39 
52 : 5 44 14 54 22 41 29 39 30 35 34 96 38 75 42 52 56 82 58 48 77 81 82 85 85 72 92 98 
53 : 8 90 30 97 44 58 
54 : 9 15 13 47 30 90 35 8 59 40 65 95 66 94 73 23 75 27 
55 : 6 54 10 34 11 25 15 51 20 97 22 52 31 13 32 99 35 48 38 65 40 23 42 45 54 70 66 79 71 52 82 24 90 90 99 257 
56 : 4 48 8 68 28 5 35 58 44 22 47 67 58 54 62 16 66 59 70 20 79 17 86 85 87 83 88 10 
57 : 43 81 94 66 96 16 
58 : 0 26 8 87 30 42 43 76 44 67 48 15 67 50 68 49 73 85 89 54 91 84 
59 : 3 72 8 38 26 17 43 17 48 86 53 71 55 69 56 21 89 87 91 17 
60 : 7 10 28 69 29 25 40 28 42 76 50 73 65 43 69 48 91 91 93 17 99 344 
61 : 8 74 13 65 21 36 33 37 45 69 47 78 50 87 51 80 55 78 57 59 58 50 67 93 70 29 80 83 85 73 88 39 
62 : 16 85 22 33 44 42 48 78 52 27 68 32 72 95 73 42 75 12 85 82 96 44 
63 : 9 24 14 66 21 36 23 93 29 58 31 81 32 11 51 46 72 39 76 86 89 27 98 44 99 260 
64 : 25 49 26 71 
65 : 86 37 
66 : 2 47 6 10 15 18 20 75 22 58 25 12 31 9 36 36 46 30 63 36 65 93 75 74 88 41 90 58 91 99 97 35 99 471 
67 : 36 43 37 65 45 96 47 58 56 9 88 6 95 77 97 40 
68 : 11 33 22 63 80 21 
69 : 8 96 21 48 44 86 
70 : 0 42 7 46 14 32 23 73 47 24 53 49 95 89 
71 : 7 63 15 61 20 40 21 12 24 18 36 65 45 87 52 96 56 55 58 98 81 46 90 30 
72 : 0 48 18 38 27 18 67 75 70 40 85 32 
73 : 6 64 11 6 13 45 14 64 18 49 32 53 34 74 35 49 44 88 46 29 58 96 60 93 72 46 83 99 91 69 92 93 
74 : 14 45 18 53 42 97 60 83 80 76 88 53 92 62 
75 : 4 7 37 99 65 41 69 88 73 90 74 74 77 80 84 97 88 87 89 19 
76 : 28 29 42 89 49 23 52 40 71 19 74 55 78 32 81 62 93 55 
77 : 5 25 10 92 13 54 16 58 24 34 26 36 30 70 31 100 47 82 51 57 55 77 61 5 64 27 79 62 
78 : 29 9 66 85 
79 : 1 41 12 98 13 30 26 93 33 48 41 20 52 69 61 26 71 50 
80 : 15 98 26 9 29 61 35 61 36 12 39 87 48 17 59 83 66 63 71 85 82 23 88 100 91 82 99 315 
81 : 15 30 19 93 21 87 25 9 31 32 33 97 35 59 36 62 40 19 55 32 61 79 66 40 72 27 78 35 82 98 85 55 86 100 96 5 
82 : 4 62 7 86 9 54 15 93 20 87 22 43 28 67 34 72 35 23 36 100 39 95 43 62 49 73 57 37 65 29 67 77 71 91 92 32 
83 : 87 68 
84 : 0 35 11 73 51 61 
85 : 11 95 28 29 48 92 
86 : 37 22 47 79 65 60 78 24 
87 : 59 54 
88 : 6 91 24 56 47 85 60 77 62 88 67 37 73 25 93 35 98 24 
89 : 0 18 32 98 38 67 44 43 48 32 68 10 75 55 78 53 84 61 
90 : 7 82 15 73 45 36 46 72 69 94 77 24 81 48 91 46 
91 : 7 54 11 57 17 33 43 31 56 92 57 14 60 89 65 25 92 75 
92 : 7 18 13 58 19 44 21 67 27 69 30 31 54 33 55 30 59 72 67 34 71 34 73 89 78 63 86 78 
93 : 8 77 9 91 15 73 22 98 55 16 86 87 
94 : 1 14 4 56 59 49 64 54 85 29 
95 : 16 13 41 63 58 19 66 49 68 96 98 95 
96 : 7 32 26 10 30 100 40 28 41 48 42 62 43 67 67 87 68 66 70 30 78 57 87 62 97 48 
97 : 9 25 23 68 54 46 59 81 65 96 90 94 
98 : 38 25 40 6 76 79 
99 : 66 12 73 63 85 22 
